	idx	beta	pval	cilb	ciub	i2	tau2	symbol
ENSG00000080503.18	25652	-0.787596769384986	3.81473951618912e-22	-0.947132405702823	-0.628061133067149	96.1865950933022	0.133108240377427	SMARCA2
ENSG00000151090.16	43992	-1.63747643531931	4.44976497277963e-11	-2.1246140484919	-1.15033882214671	99.0632033071403	1.34921987170486	THRB
ENSG00000163431.12	59389	-2.62463230980454	1.26446009057086e-10	-3.42448870064293	-1.82477591896616	98.9545851031295	3.50892489860524	LMOD1
ENSG00000144524.16	23086	0.368482650710393	2.37221040674491e-09	0.247509448602636	0.489455852818149	96.7892858023335	0.076822210820858	COPS7B
ENSG00000117262.17	18519	0.545797260856553	3.45644377021512e-08	0.35188338387151	0.739711137841596	97.6686389881172	0.202835442345888	GPR89A
ENSG00000115474.6	16889	-1.86136590646848	1.89141546288745e-06	-2.62704173415479	-1.09569007878217	91.502199570005	2.65658894663648	KCNJ13
ENSG00000158411.9	22388	0.386881959902426	3.13934193159193e-06	0.22421394313601	0.549549976668842	96.6382160627458	0.142673248249464	MITD1
ENSG00000102043.14	30910	-0.683542067262347	3.61383439377264e-06	-0.972745645372696	-0.394338489151997	97.3991707972991	0.461220536327437	MTMR8
ENSG00000088179.7	66	-0.426517812809727	3.92401998536886e-05	-0.629819898142473	-0.22321572747698	97.2784038565457	0.219787894879869	PTPN4
ENSG00000117859.17	32842	-0.247202471336077	0.000215874637471596	-0.378162020736035	-0.11624292193612	96.4650072939217	0.089788138570012	OSBPL9
ENSG00000084072.15	5888	0.192558860176945	0.000419282555061712	0.0855727532364886	0.299544967117401	94.7877766242191	0.0578927872574615	PPIE
ENSG00000114541.13	28238	-0.555873156615118	0.000903731450144342	-0.884142080219992	-0.227604233010243	98.5971298657076	0.592727352375616	FRMD4B
ENSG00000124831.17	22501	-0.338340009727613	0.00092247732944929	-0.538491513341112	-0.138188506114113	97.8905697708709	0.216887023890159	LRRFIP1
ENSG00000138385.14	41133	0.221484771758558	0.00187663624631519	0.0818612890936374	0.361108254423479	97.9924334663102	0.111202926234648	SSB
ENSG00000116983.11	24479	-1.5877038095442	0.0039776082632077	-2.66823007827591	-0.507177540812499	97.7719110653793	6.31449953181138	HPCAL4
ENSG00000204120.13	52359	-0.156805137092547	0.00617240835098688	-0.269032548755075	-0.0445777254300185	95.3989133194424	0.065711676914417	GIGYF2
ENSG00000091409.13	39375	0.539608149770678	0.00731616827775829	0.145285524594329	0.933930774947027	98.6769350969461	0.875989890644462	ITGA6
ENSG00000163866.8	23912	-0.186513767397958	0.00851797144410107	-0.325466864460888	-0.0475606703350275	95.7438634317964	0.102365812518136	SMIM12
ENSG00000157445.13	25215	-0.874603077790379	0.0124136876056142	-1.56023513584119	-0.188971019739565	98.9905336236438	2.70011292662139	CACNA2D3
ENSG00000142765.16	18296	0.626245162218186	0.0124797594395952	0.13493994970823	1.11755037472814	97.821046365196	1.28636367512839	SYTL1
ENSG00000198626.14	37808	-1.10067089489736	0.0134995252363327	-1.97395139795741	-0.22739039183732	98.7922577632985	4.20319010690916	RYR2
ENSG00000117118.8	48536	-0.296526666904019	0.026160454459712	-0.55787029569199	-0.0351830381160467	98.8765784421076	0.398546897577293	SDHB
ENSG00000213185.5	4382	0.480701743872048	0.0360303950540061	0.0313240921003307	0.930079395643765	98.1182541010414	1.09546268937905	FAM24B
ENSG00000171680.19	48073	0.402991716835302	0.0483885798632388	0.00285326245737039	0.803130171213233	98.7341512059854	0.883014888415261	PLEKHG5
ENSG00000198517.8	1878	-0.241672782028586	0.0536442990821351	-0.487136067220067	0.00379050316289545	95.5538370871025	0.320951428340017	MAFK
ENSG00000125037.11	35931	-0.153020424140242	0.0608556959187141	-0.313013877007846	0.00697302872736169	97.6777965526354	0.142241457488197	EMC3
ENSG00000115561.13	59901	-0.195699830284335	0.0762598206885849	-0.412059242455863	0.020659581887192	99.005143799156	0.259074755554416	CHMP3
ENSG00000116754.12	21171	0.127908196617645	0.0837325321348685	-0.017050406255592	0.272866799490883	95.9315941739442	0.112027362077219	SRSF11
ENSG00000196639.6	6069	0.36403560511929	0.141925413252374	-0.121779599036036	0.849850809274616	98.211895003774	1.26175145247212	HRH1
ENSG00000249884.7	5507	0.545245257645262	0.167598580123417	-0.229168572990391	1.31965908828091	90.524400599125	2.89346439814544	RNF103-CHMP3
ENSG00000110723.10	25430	-0.34226323787601	0.17588124369419	-0.837867810306366	0.153341334554346	98.4338299979957	1.36529309449973	EXPH5
ENSG00000186432.7	36154	0.0687482415220939	0.190847702502976	-0.0342611622962935	0.171757645340481	94.063170829255	0.0547501517310971	KPNA4
ENSG00000114933.14	17229	-0.076243498480737	0.258462214856955	-0.208482537728635	0.0559955407671611	95.0160434703994	0.092041725643919	INO80D
ENSG00000174844.13	24416	-0.285850191971731	0.277041231088501	-0.801269913872641	0.22956952992918	97.0487756196471	1.42769888235064	DNAH12
ENSG00000144535.18	55112	0.0576823525421744	0.352705845935084	-0.0639670700766578	0.179331775161007	97.0161459442984	0.0789993343418651	DIS3L2
ENSG00000143376.11	20174	0.0768564696289691	0.360781299433357	-0.0879751824359874	0.241688121693926	97.5388208711997	0.153181482321981	SNX27
ENSG00000138433.14	12365	-0.0460372614513297	0.382433822280217	-0.14934529650058	0.0572707735979206	94.1250109121936	0.0540583405307315	CIR1
ENSG00000133069.13	36951	-0.172096656835068	0.443876056678428	-0.612633372782628	0.268440059112492	98.5012972840827	1.10612896308246	TMCC2
ENSG00000075151.18	5917	-0.0515517011591205	0.494371358930261	-0.199405831013316	0.0963024286950745	95.2116831763641	0.11456825242459	EIF4G3
ENSG00000214050.6	40793	0.159175169963612	0.534788552141703	-0.343436600283912	0.661786940211136	98.8000105091611	1.42670858685433	FBXO16
ENSG00000103534.15	50642	0.278677568233792	0.538120030514673	-0.608499541485511	1.16585467795309	98.926813130722	4.32628082995466	TMC5
ENSG00000163430.8	24682	-0.130087176366577	0.575695744480032	-0.585641880799808	0.325467528066653	98.3938013165934	1.10436817495175	FSTL1
ENSG00000164080.12	6005	-0.0509688854510436	0.582336605451609	-0.232608418539886	0.130670647637798	97.6060456990232	0.186614103746576	RAD54L2
ENSG00000136048.12	55660	0.115302062065822	0.61861258870112	-0.338655121191679	0.569259245323322	99.1380515338683	1.1962360141595	DRAM1
ENSG00000163344.5	45224	0.0460445281165746	0.637849558987382	-0.145678778438914	0.237767834672063	97.0306058623264	0.207190140856463	PMVK
ENSG00000163125.14	36118	-0.0227164312571074	0.738725609491112	-0.156203251799426	0.110770389285212	95.1257530142445	0.0904181450556291	RPRD2
ENSG00000138002.13	37598	0.0259304886399142	0.778961041746576	-0.155144220627324	0.207005197907153	97.3610105069821	0.179977062221273	IFT172
ENSG00000054267.19	32699	-0.0107194320552732	0.868662182186125	-0.137775252306312	0.116336388195765	94.7827924160952	0.0831590395889789	ARID4B
ENSG00000116641.14	5586	-0.0150648789157423	0.868780157805253	-0.193788638809494	0.163658880978009	97.306295138019	0.17461914833899	DOCK7
ENSG00000116299.15	1709	0.0107947637402568	0.976220417167534	-0.698999940417464	0.720589467897978	97.9105564122319	2.73932223079486	KIAA1324
